655 -578 -135 -836 -320 768 386 -942 941 931 17 518 -669 874 29 995 729 -720 -506 337 861 -960 -897 431 922 -858 -582 -794 -458 9 -930 137 -703 -700 -212 -541 678 388 -518 562 68 802
304 -442 495 901 902 82 417 679 821 583 161 -869 -123 132 118 741 857 320 -435 520 431 817 -669 -817 -755 920 -584 972 320 -293 -135 259 -771 457 761 -327 -465 214 -800 142 -880 630
-651 454 55 632 -307 384 -615 520 646 -832 -252 -387 482 -382 28 286 -124 -230 224 -743 -224 -617 -877 -244 204 526 -817 -360 -375 -213 -320 -485 186 745 669 -822 -706 869 902 -661 -615 -194 -369 334 -679 -209 189 -980 -594 588
-248 369 -805 588 -235 677 -873 -686 -10 -899 175 -463 503 -785 -661 -124 721 -756 669 -863 664 457 -990 -438 -138 455 854 208 956 624 -871 53 163 -754 144
882 953 143 -717 878 830 44 -381 725 -697 947 -177 774 -773 872 -179 686 -298 404 945 -280 -86 608 235 -260 37
459 -213 379 -669 -164 814 224 -42 840 599 -466 644 -730 -715 -627 -362 -882 -531 -133 -469 926 -895 -824 -458 -923 -143 261 -117 -930 -529 659 -275 -621 -304 -945 828 961 449 -729 580 -277
-886 996 -242 48 -375 -17 -158 680 781 574 406 768 -379 -949 956 158 341 455 -462 933 623 -634 882 -256 337 859 -250 -973 464 -917 -459 650 495 166 -288 -224 -29 234 873 -906 -133 -79 -941 607 -769 675 -941 -911 596 -705 -896
838 409 -480 925 -732 -661 -536 557 -155 -1 661 -124 388 -976 -818 506 -399 -681 -643 -492 671 -118 798 618 194 340 541 -329 614 917 -44 -241 -119 -759 571 82 -750 109 805 669 996 268 -921 -183 682 232 -926 -854 -385
-43 632 388 317 615 207 -507 -688 -736 -821 -409 -77 -483 -730 185 493 -600 -297 237 -954 -385 417 -714 -216 154 995 946 742 514 -122 -674 -584 -715 678 -299 -674 842 421 71 -126 878 -899 -221 422 165 675 -851 722 557
462 -574 318 -55 632 -920 -49 -169 486 -512 -748 -574 198 417 682 -81 -294 339 -93 986 -75 -455 -352 -987 742 -276 -217 807 838 -964 929 -869 -898 -449 -31 554 -72 238 109 -806 530 -265 -119 -693 -295 -254 -842 144 217 100 494 91 338 268 761 91 -477 -8 -475 -794 -284 18 675 -473 638 -391 -157 994
568 -732 993 -465 772 -511 389 696 973 -430 93 867 -317 360 391 629 -457 -986 -664 -494 338 379 87 -676 -888 900 909 -467 572 -448 -259 749 342 -871 -927 299 -245 -640 -309 -388 834 -712 46 300 -964 610 806 -735 -217 -232 -768 761 -505 574 578 427 -597 711 114 585 -828 -303 183 133 242 -599 468 45 169 -698
40 -893 -755 850 -52 -362 166 361 -556 -751 443 -831 720 682 720 649 908 732 -344 575 873 -220 312 -17 -320 807 -353 665 917 -494 131 -48 626 -129 -503 -719 579 -644 777 286 817 -915 780 -229 31 61
591 -109 270 314 546 585 355 -461 -847 319 913 300 808 -915 -875 -490 283 757 -255 -632 966 424 -711 -913 855 -941 -414 460 299 588 -948 378 56 -413 78 -257 -219 -560 997 650 -653 608 526 -348 -247 -837
-43 768 228 -631 -110 -406 857 -950 552 466 -718 777 999 -754 80 -484 552 554 -112 -465 -582 -892 501 238 222 -786 -492 -636 -590 388 921 8 -702 755 895 -745 150 -674 -799 732 274 448 -949 -879 355 754 -261 416 23 440 752 -739
-140 -372 66 274 -911 148 741 711 227 -57 757 983 404 -928 785 526 -481 280 -363 327 -730 657 529 -340 115 214 -654 -671 836 -709 -58 763 649 634 -265 -447 -372 329 521 -855 -768 437 625 532 -815 -331 513 -127 -540 71 772 668 995 485 -318 904 596 -430 -589 525 -142 957
970 778 140 -464 47 -39 562 761 -870 970 -205 819 -52 923 259 -836 227 -455 -197 -58 -64 -322 738 696 -605 -603 883 -762 221 -886 -211 972 -167 57 -80 971 29 193 467 517 185 427 -465 -30 558 566 -45 36 -842 -515 -939 -303 715 -353 -526 -598 -786 -418 127 -132 -163 -258 -772 658 826 511 -955 606 886 717
827 -241 -542 423 -863 59 864 193 -929 73 815 679 69 727 902 -751 -189 -991 -277 -354 -550 -97 -891 -60 -835 980 -154 5 478 -6 627 -258 -892 -551 -532 -211 -576 678 -712 240 842 720 -529 -840 899 -473 804 196 708 -866 24 668 -893 745 335 -637 -440 792 546 -370
-842 794 -474 -12 820 709 429 361 -904 -640 -850 756 594 839 897 489 413 749 -238 -867 -861 -755 924 517 -121 -524 -207 272 -180 -591 179 872 -356 330 260 -72 128 -598 -441
732 -660 926 90 456 887 467 -614 315 -51 515 179 295 -76 -49 394 -126 -740 100 845 -880 0 -906 903 787 834 -739 800 664 901 -914 459 -605 539 -423 682 19 912 274 -98 -179 800 569 -224 281 791 -764 -866 -759 715 145 123 -466 777 645 -773 796 -884 522 437 251 508
-444 387 157 22 9 486 -38 -917 -301 -527 30 -788 -518 291 -97 782 -477 -86 -366 461 -918 76 181 -876 394 -572 -772 -116 -219 3 -585 908 930 690 211 -482 -831 604 -452 871 240 -838 -219 908 -240 890 -361 -878 524 847 -196 -811 -543 -39 -866 741
-179 136 621 -210 901 323 494 -88 -670 263 843 777 -301 -608 365 141 -52 -616 602 -345 -836 381 943 -927 -502 -121 816 -92 971 -242 91 467 -490 987 304 -398 416 786 -327 925 -453 -896 -613 322
628 -751 264 -904 -368 -159 383 743 -897 -957 417 -29 644 -368 796 -705 759 -723 693 375 -918 -914 261 -41 -869 -740 -525 579 -17 869 -645 -479 -157 -78 427 -489 -259 -18
166 938 800 -762 161 268 221 -971 -287 -617 -480 242 -537 -648 -505 962 -750 320 -477 500 184 -307 230 -152 17 151 -742 -70 -426 200 -755 712 181 864 -351 -823 836 -687 -731 -195 -900 -350 560 -975 -186 161 -411 -408 863 582 -492 69 135 -361 200 584 153 -569 -80 512 -351 -690 614 451 635 269 288 420 246 -907 -997 -838 -421
-589 -545 276 -37 928 656 -45 -108 684 524 -654 107 861 521 187 253 327 -397 -367 -925 733 895 -348 655 -204 -386 -457 -429 516 -40 -646 696 606 -356 65 -970 869 41 756 844 53 -747 140 -144 722 -888 -607 -33 -931 -749 -474 594 -650 -267 -527 916 -978 -688 -257 805 -446 -849 -33 416 396 -711
-929 179 647 880 -584 -740 -144 -807 758 954 -419 341 397 81 178 -135 178 -190 417 399 879 -895 -386 -227 165 763 -97 962 124 197 925 -756 -474 567 136 664 -170
-87 64 557 816 283 924 921 384 535 -499 -429 417 399 -400 511 740 -29 -383 522 211 11 483 -403 -127 -822 653 -265 -346 -851 -608 364 -133 -129 -233 -743 -733 853 270 -348 386 -9 487 -491 574 -89 824 -581 259 889 -912 -657 424 -529 -866 885 -202
295 -776 -890 -397 225 -491 453 161 -341 250 -92 -435 -859 288 971 -777 545 -549 578 665 -793 -553 771 -231 -787 -964 -213 -556 314 -140 459 -688 602 -569 331 791 -340 -826 -149 470 625 -621 576 484 807 -868 326 10 -841 -507 -460 800 -153 -487 843 -781 -639 -932 -342 -615 187 737 -855 556 313 754 719 -438 120 -161
449 -451 146 259 -672 -270 286 -160 -858 -381 -861 208 -105 -985 -520 358 592 231 -815 939 737 -668 -677 -637 486 199 731 -232 706 526 -629 -326 -333 -709 36 738 -251 877 -97 157 -525 788 382 265 -879 560 -388 -295 125 -495 935 948 381 -138 374 -163 -424 -971 487 718 107 754 800 -838 5 518 452 -346
106 -494 -340 -78 -940 823 -329 978 -815 557 418 -733 -201 -508 380 156 -743 -755 198 521 65 981 884 -230 -232 116 -627 -74 -739 -214 728 -950 -646 -237 40 -263 -956 704 909 577 214 198 584 -289 988 -71 -153 -329 670 -997 -964 -330 -930 -522 -125 884 458 678 280 917 -797 924 -491 -853 -67 -250 -507 184 381 -208 -460 -796 885 -995 -439
-359 992 -153 567 422 857 261 -654 868 253 85 914 222 -866 890 -516 793 47 -195 869 549 926 -418 -124 -615 873 137 -193 -85 327 759 -544 795 671 477 -541 902 202 -508 657 807 294 8 417 -200 -493 -916 -882 -823 -124 -3 692 676 702 -167 607 -536 606 700 -545 20 258 394 31
-749 693 -849 -286 730 47 88 623 -605 28 965 -818 660 -532 470 -610 -79 -733 -207 -951 44 -821 437 -652 162 -929 -938 98 -683 -419 -812 904 -451 173 833 858 -288 384 122 -802 -474 -979 -677 943 660 -57 521 -553 550 483 857 -117 993 521 568 -675 661 705 -12 -960 -62 -316 394 439 849 556 -493 419 -621 -259 37 -96
740 623 388 -530 -434 -610 -31 161 666 -957 -819 -221 -981 160 485 -552 -236 -537 -418 19 153 -229 870 -173 -728 641 -270 506 998 -607 195 464 -337 197 -105 -621
-443 -37 973 -715 262 951 233 -369 206 -102 -740 267 670 551 476 -371 955 -763 938 -204 -550 0 802 763 472 -662 -409 816 226 836 -523 -732 785 212 258 -998 257 531 -563 731 781 989 307 425 190 -645 76 691 359 64 359 -479
369 -897 -297 371 -805 -779 -949 710 768 -545 891 387 740 882 31 793 523 233 592 480 782 -566 -572 -940 297 -237 458 292 -239 -944 471 687 -667 -954 -477 -97 -666 409 -766 846 39 -168 65 873 -783 640 59 -561 695 -613 -644 -980 843 445 -83 841 425 922 -896 447 -76 959 -838 -223 -126 781 717 -12 -385 959 -299 529 875 -690 -183
300 830 -502 555 -68 606 907 -233 935 770 -689 368 236 923 -288 -282 205 -400 -57 953 -650 -22 -354 -369 256 60 976 574 365 -375 -977 233 -433 -99 673 -967 -66 -801 -728 -131 142 202 -973 -249 -136 172 -363 -304 -286 24 -52 -856 -430 -160 -693
125 -685 -144 88 -411 339 -233 633 -703 -551 906 -469 501 735 -96 785 943 198 -622 190 -498 169 -127 375 847 2 -624 262 -370 148 -188 -552 76 -54 435 362 615 -977 -303 885 -913 -243 -296 -386 584 841 -252 -956
-445 -374 205 -644 689 -444 -795 363 116 -379 541 791 -517 -306 -306 -936 -743 859 -935 648 826 -831 -228 273 -480 139 -481 247 912 -821 230 218 -413 -602 -622 -353 -935 192 -693 202 -641 254 -760 491 -764 -768 -868 -967 939 602 -700 -9 -86 -867 -984 50 440 -322 -355 682 255 412 694 879 600 -678 -775 227 590 342 -375 235 -398 -462
-459 -256 623 -655 939 549 93 -361 -682 -72 557 204 859 695 37 514 -507 674 -960 -700 375 -383 210 -750 -394 -291 -561 -301 135 801 -481 459 -28 544 -862 335
791 725 853 775 731 647 348 -536 949 -88 581 832 -534 -382 257 455 750 174 49 -884 195 -353 854 -572 -131 498 -321 -83 -449 -118 -439 585 -200 921 988 -604 960 296 807 -19 720 829 515 379 -715 -144 608 668 366 650 -437 -120 398 135 794 -69 115 -462 866 274 710 -842 -609 381
313 -272 79 89 -945 -667 394 -121 -1000 685 281 -996 -337 -820 -120 -324 -865 -356 -309 302 752 529 -20 -398 -963 -710 905 549 -432 995 -596 498 -125 608 929 -16 -689 391 860 205 122 904 -614
-213 396 -620 918 -610 -60 83 340 -264 714 -820 -303 521 637 -777 310 -392 -744 757 -22 128 958 -375 185 656 328 -819 480 -543 350 -311 -591 -42 857 869 -58 -251 254 337 -785 132 -502 -732 203 -135 537 314 -529 769 -57 541 838 -578 691 -596 672 -282 328 -550 -568 231 -14
-490 -479 -808 731 -162 603 608 591 130 863 -413 581 -173 184 -893 168 815 -652 178 -183 -288 995 681 -676 -473 253 -693 -898 -245 -685 524
-700 -43 600 -271 353 948 586 -647 -599 71 123 -833 -621 534 327 -718 -837 766 958 896 -709 -986 545 461 -143 895 975 -209 -188 745 998 -117 318 672 645 577 -836 557 954 -229 -728 -752 646 -218 526 -774 -133 681 -878 184 957 983 303 924 -916 557 -220 -686 -672 57
586 448 295 -341 -199 -806 850 -57 -986 -600 788 747 594 -254 210 -331 387 -320 257 928 -400 371 25 -716 463 -42 874 -685 -812 -479 -172 499 637 97 -362 445 779 341 468 -777 129 -605 661 360 143 353 579 226 -841 307 -429 840
789 22 -567 -433 -866 -20 953 -839 299 -364 -136 -174 434 990 219 122 535 88 -590 340 829 404 -678 -574 316 929 573 -809 -564 672 -724 -259 551 238 -795 -574 -402 -217 740 858 -935 -134 718 -483 828 -951 -957 -843 -584 936 554 -815 -415 -428 474 184 -430 -880 371 308 -694 374 229 -142 -883 -436 -440 832 -776 815
129 715 583 338 -766 -254 -959 -703 -448 751 -89 -802 944 -630 44 -175 -733 418 778 -9 -888 989 714 4 -173 788 973 931 -837 544 -415 -460 -988 -36 -204 298 -242 820 301 157 611 433
963 -635 397 522 847 823 -949 -272 -955 -382 -819 -275 -650 96 330 -259 582 -846 -724 -821 61 327 845 525 994 449 -52 -918 142 353 781 683 97 -604 563 797 896 788 -983 411 161 247 765 -444 -474 -405 35 -776 869 -317 302 -107 -41 906 -917 483 -493 -213 -474 998 -901 -675 -152 676 143 751 424 223 -324 876 -530
19 428 -271 450 -470 -545 785 -913 -277 126 -871 236 -974 -270 589 -513 78 656 -780 645 -895 -452 -996 -723 839 505 -603 5 406 -338 360 -912 975 142 468 -644 581 335 -856 472 -559 291 -422 649 -333 -129 -678 -466 108 391 588 -105 876 928 -851 -26 670 -304 75 -248 -351
-929 -380 -557 -442 -929 -102 -257 -810 687 -475 150 570 -872 -588 858 -493 -917 -697 460 450 -735 997 332 -861 155 640 -915 -691 555 -464 -516 410 -450 842 -758 -19 91 -306 -342 282 -439 -171 -502 -701 885 -939 877 382 681 533 701 -519 854 -616 -470 339 -703 593 -160
-444 892 -740 794 726 -971 56 -677 -151 -719 -197 -10 29 438 -863 835 -959 -764 176 24 294 -942 -502 163 -944 399 -126 -404 -301 -601 447 205 373 917 -174 745 -992 26 485 -984 478 -846 767 -404 -541 -384 -792 753 -339 755 746 336 -974 795 -960 908 543 -564 629 745 676 -532 295 786 -295 641 -377 -61 244 -9
92 -611 -993 -761 902 513 -485 287 455 -186 761 830 -988 263 855 -401 744 -628 520 -656 -150 -573 -789 870 -688 -952 920 -547 -477 675 254 -306