999 N/A -644 -17 879 -442 566 120 -713 400 -810 438 -2 N/A 673 192 602 810 N/A -553 -163 N/A -937 58 403 411 N/A -206 346 N/A -638 N/A 67 N/A 970 -56 N/A -52 677
763 -522 N/A -875 -364 N/A -611 -145 227 759 202 N/A 863 -788 655 -881 N/A 11 -530 -489 N/A -700 -142 -75 -21 378 892 N/A -928 N/A -331 684 N/A 49 307 N/A -576 914 -651 -17 932 -342 N/A 904 912 N/A 703 N/A 704 323 -189 N/A -855 -589
408 N/A 657 -391 -445 -83 N/A 634 N/A -235 -22 -789 64 N/A -964 N/A 641 -105 N/A 14 457 -680 -965 820 -896 N/A 882 -463 -903 -622 N/A -538 -784 -423 N/A -833 955 N/A -242 262 -389 N/A 854 87 -434 50 -343 -911 N/A 339
427 948 589 N/A -68 -373 -971 -82 -611 -687 -881 506 N/A -437 -584 -326 N/A 373 N/A -823 812 N/A -853 N/A -253 602 63 349 N/A -776 N/A 28 982 N/A 708 N/A 756 -883 455 -885 -607 N/A -836 -469 -736 -552 -360 -991 984 N/A 42 N/A -419 -470 N/A -900 N/A 43 N/A 386 -109 688 428 -989 -947 211 N/A 36 -737 -433 N/A -662 641
-901 649 N/A -895 512 -784 387 -219 959 N/A -999 993 -33 N/A -868 558 N/A -102 -576 N/A 965 745 535 39 -684 -119 -149 -84 281 -9 -726 -971 N/A 358 N/A -612 23 N/A -390 -516 992 N/A -284 N/A -510 N/A 133
85 -183 N/A -702 N/A 377 123 -466 -624 119 -653 -797 638 749 N/A -888 358 -332 N/A 416 N/A -830 N/A -653 920 -83 476 N/A -429 N/A -835 -771 730 -506 -332 N/A -847 644 N/A 873 N/A 568 759 736 -299 N/A -687 -917 N/A -244 167 N/A -610 805 973 -302 666 -714
-684 480 200 493 N/A -495 -475 806 N/A 252 N/A 763 -681 947 N/A -906 699 -815 709 N/A -11 N/A 866 390 -468 -632
102 -395 207 -789 N/A 266 N/A 879 N/A -999 -54 279 N/A -248 N/A -902 -176 673 N/A 942 -212 992 N/A 40 N/A -16 985 625 -460 -192 522 617 -614 -552 N/A -867 -495
-947 -595 -417 -3 N/A -400 154 N/A 501 N/A 589 N/A 727 696 -780 -26 N/A -551 948 -243 476 31 N/A -367 664 -231 714 -852 951 155 83 N/A -755 N/A -618 -424 4 N/A 41 158 N/A -155 N/A 785 405 601 -948
-898 879 -876 N/A 913 N/A 978 -49 973 -722 -349 N/A 536 N/A -274 N/A -303 296 583 -541 N/A 476 599 -424 -948 -101 -306 N/A -584 939 N/A 697 341 633 N/A 73 -324 N/A 549 60 545 -729
578 526 N/A 756 N/A 819 207 -588 485 -349 266 N/A -245 -447 -654 N/A 422 63 N/A 866 562 N/A 720 11 -664 -329
-799 -583 -248 469 443 709 592 N/A 652 N/A 812 -925 -67 N/A -349 -287 736 -703 N/A -417 N/A 894 -227 N/A -920 -202 N/A -310 -902
754 823 39 N/A 811 476 303 N/A -565 853 -799 -425 -317 -498 -683 138 N/A -972 N/A 204 -90 N/A -16 N/A 286 -555 -741 N/A 50 952 N/A 992 881 N/A 368 921 N/A 809 199 -810
769 188 N/A 900 69 -890 331 -842 N/A 179 N/A 201 -771 464 -484 N/A -140 N/A 219 -691 N/A 142 N/A -497 -317 N/A 554 256 -254 N/A 494 749 768 N/A 474 829 864 -768 571 -845 N/A -284 -482 N/A -532 -424 N/A 177 806 220 -186 -161 N/A -774 N/A -318 819 960 -59 -599 N/A -593 -947 711 124 -680 N/A 476 -700 -670 587 N/A -573 151
105 961 342 -57 -37 N/A 3 -602 -143 -114 295 N/A 359 722 N/A -596 -570 947 N/A -233 -463 N/A -76 798 N/A 934 N/A -538 688 N/A -682 37 -571 -979 640 N/A 853 736 N/A -670 631 -420 N/A -680 436 N/A 388 -173 358 -789
252 N/A -487 -386 -742 -549 -217 N/A -53 -116 196 851 292 674 N/A -652 655 585 270 N/A -284 -98 483 494 947 N/A 787 295 N/A 583 N/A -254 N/A -199
834 -888 N/A 794 708 -252 N/A -30 -564 -39 -99 N/A -987 895 503 N/A 998 623 600 -207 914 N/A -40 832 N/A -337 771 276 N/A -941 583 649 529 -516 N/A -48 N/A -747 N/A 567 -302 487 -121 N/A -358 427 N/A 115 -836 530 N/A -247 N/A 413 215 -490
-585 -727 787 N/A 600 N/A 935 -249 127 782 176 473 457 N/A -426 N/A -479 -601 N/A -58 -735 N/A 90 -123 537 N/A -533 92 73 27 853 N/A -638 -191 N/A 796 N/A 282 837 38 N/A 583 289 N/A 755 262 -426 N/A -662 -379 -385 -7
-48 -777 436 729 268 N/A 481 -616 -616 -214 N/A 218 N/A -111 -520 463 218 -506 -894 N/A 388 -238 N/A -993 388 241 -455 N/A 167 -65 N/A 423 N/A -264 -846
-370 -505 954 954 -752 444 960 155 -739 -496 -307 N/A -24 6 -521 N/A -956 -351 508 N/A -68 730 N/A -910 327 N/A 852 530 N/A 798 -106 771 N/A -413 -558 -531 N/A 819 -307 344 N/A 474 N/A -996 N/A 967 N/A -931 7 -368 -161 N/A 990 -673 N/A -462 746 N/A 316 -798 822 -273 -238 -130 N/A 553 -617
764 170 -184 N/A -156 -392 175 N/A -506 108 -469 601 480 -579 -154 N/A 436 N/A -654 502 N/A -394 615 N/A -651 N/A -996 N/A 123 -451 -517 921 -684 952 N/A -750 975 N/A 453 N/A -63 N/A 678 980 N/A -96 714 450 346 -893 -5 -935 158 -499 -571 N/A -699 878 -982 N/A 377 -585 N/A -647 N/A 306 -232 -316
-155 -831 N/A -867 -380 -322 -504 N/A -595 413 N/A 338 -815 3 750 N/A 888 N/A -948 395 501 N/A 122 -491 N/A -604 -495 -942
-376 -519 174 -7 -162 -678 486 224 727 -743 295 -548 628 N/A -23 968 N/A 907 N/A 477 N/A 702 712 N/A -311 N/A -670 -557 N/A 878 -332 N/A -169 431 -252
503 -975 -380 -749 -439 N/A 613 395 N/A 823 -234 N/A -551 560 N/A 254 -449 828 -105 -564 678 N/A 310 228 N/A 878 -96 -157 N/A 276 N/A 627 -264 N/A -528 752 94 N/A -372 -746 -17 529 514
-920 -91 822 -902 -416 N/A 933 N/A 443 780 -366 -582 667 N/A 159 -76 N/A -589 N/A -533 -528 N/A 861 N/A -958 N/A 764 168 -586 5 649 -450 -661 -832 915 874 N/A 309 -79 465 -620 -464 N/A 990 N/A 323 N/A 120
310 635 629 919 -18 -771 44 -429 -848 N/A 504 -827 -196 N/A 723 424 144 -171 N/A -297 -209 -515 N/A 289 123 361 -115 -591 -359 N/A 584 N/A 360 N/A -696 913 N/A -853 N/A -879 N/A -116 -231 N/A -2
-955 580 -473 407 -608 796 N/A -983 457 N/A -182 -259 N/A 364 -44 N/A 84 223 -479 N/A 326 -512 768 N/A -477 63 428 -702 -996 434 N/A -378 -272 -455 -872 N/A 50 -329 N/A 947 557 N/A 324 701 N/A 942
777 -774 N/A 181 N/A -827 N/A -526 N/A 505 -747 918 353 -290 N/A -204 N/A 30 668 -226 279 827 N/A -136 -843 790 -678 -190 -449 663 761 264 N/A -850 952 N/A -44 786 N/A -257
901 N/A -97 -355 543 N/A -512 700 808 N/A 187 N/A 3 -197 208 N/A -920 -591 127 -610 N/A 533 -993 721 -116 -419 -808 N/A 684 741 612 515 -90 N/A -124 104 -299 N/A -375 N/A 513 -427
-986 -305 990 217 -620 -349 N/A -16 N/A -358 -322 -375 N/A 902 -100 -152 N/A -244 N/A 694 N/A -744 405 N/A -46 142 -117 618 N/A 750 519 293 924 N/A 178 N/A -999 -262 140 584 N/A 793 133 -370 N/A -218 323 677 -459 -816 N/A 666 -583
400 170 -824 631 977 -25 -748 683 136 N/A -391 N/A 536 -83 166 -456 N/A 394 N/A 191 -827 N/A -147 153 N/A -48 N/A -957 -629
-471 -408 -65 N/A -334 730 -787 N/A -242 839 N/A 525 669 629 N/A 595 -885 -385 N/A 553 N/A 207 N/A 223 -431 N/A -100 -919 730 64 -308 68 -285 N/A 478 -909 -527 N/A 374 N/A -538 -839 N/A -521 3 784 -758 337 -465 -749 -664 354 N/A -359 N/A -965 -256 -313 N/A -246 -405 214 618 N/A 466 N/A -125 551 -704 -734 N/A -24
-242 356 -232 -976 -240 N/A 237 N/A -460 -232 135 N/A -387 -651 N/A 186 -42 -449 -390 -483 -415 N/A -639 -180 235 427 531 -233 746 N/A 599 -499 N/A -775 -631 -946 -114 N/A -474 320 -575 -211 N/A -821 148 458 N/A -98 N/A 505 25 N/A 145 -763 271 N/A 454 -373 N/A 316 808 N/A -299 N/A -546 -625 -420 -30 N/A -656 830 N/A -341
-292 -458 N/A 679 N/A -765 -252 697 -831 N/A 666 -801 703 779 N/A -575 -674 751 -16 -232 -799 N/A -718 -930 -619 -774 N/A 714 -955 N/A 267 257 N/A -803 185 611 -413 N/A -529 -331 110 N/A -153 N/A -77 N/A 695 -96 -328 730 N/A 185 738
817 -469 N/A 331 N/A -590 N/A 634 302 945 657 -517 -292 819 -623 -634 -770 N/A 950 -893 253 N/A -748 545 N/A -826 N/A -241 852 -351 159 402 N/A -695
540 504 N/A -135 264 N/A 429 -97 -931 387 1 329 N/A -137 818 973 -478 410 697 871 -262 82 N/A -153 N/A -630 -98 510 787 -456 N/A 798 114 713 N/A 577 N/A -908 -435 -295 -537 -714 N/A -304 N/A -791 798 N/A -101 -505 N/A -931 N/A -348 N/A -33 472
315 351 -275 -145 268 899 -240 N/A -523 -251 -220 N/A -143 N/A -514 197 933 -40 185 645 -436 347 N/A -436 -646 N/A -992 296 -105 N/A 126 N/A -199 -190 N/A 89 939 N/A -773 138 -894 625 -445 N/A 219 219 671 N/A -202 N/A -669 N/A -5 -222 -981 N/A 89 -792 -147 N/A 379 N/A 323 176 N/A 237 879 708 988 N/A -398 398
-550 -859 N/A 30 N/A 821 970 190 N/A -45 385 -609 -972 N/A 271 N/A 267 N/A -100 -957 -311 150 627 946 -165 -17
-479 -744 -836 819 N/A 487 456 -611 N/A -211 412 -904 N/A -807 N/A 723 -931 -132 113 29 872 -954 -911 -52 354 -421 961 N/A -882 N/A -1 N/A -486 N/A -124 -56 N/A 725 449 N/A 498 329 N/A -449 -354 702
-515 -451 N/A 150 N/A -367 103 N/A -863 -263 -633 N/A -30 632 -893 -130 171 N/A -644 382 N/A 920 564 718 -255 286 -166 64 N/A -992 N/A 247 756 -504 N/A -950 -942 N/A -89 301
158 N/A -614 -429 -979 218 -170 905 N/A -524 -220 -334 N/A 507 N/A -569 -891 N/A 409 -320 74 -353 -331 N/A 545
523 -34 -607 -659 -877 -781 618 N/A 639 -521 506 N/A -800 -821 47 N/A -610 309 -161 N/A -535 -709 N/A -254 -474 -925 -899 -175 N/A 136 N/A 361 N/A -555 N/A 315 156 -398 888 N/A 721 802 -557 805 N/A 687 633 N/A -478 N/A 594 65 307 N/A -113 273 -265 59 N/A -597
-375 N/A -679 28 N/A 566 N/A 307 -228 N/A 611 25 -106 599 N/A 550 N/A -673 -199 309 N/A 96 328 -44 -113 N/A -398 368 641 958 -680 N/A -886 953 900 N/A -593 663 -764 -633 820 589 686 N/A 27 233 N/A -382 7 -904 995 N/A -25 N/A 864 277 -504 -45
561 -814 N/A 775 -332 -184 N/A -858 -882 -276 N/A 916 -371 N/A -942 -548 N/A -126 211 -432 -539 332 -560 N/A -288 N/A 801 35 N/A 239 965 N/A -527 -76 -633 987 -359 N/A -527 -306 735 N/A 189 -233 N/A -912 -101 N/A -778 N/A 267 115 N/A 54 -269 168 522 864 487 N/A 206 -797 -961 -735 661 -307 N/A 451
430 -390 N/A -836 -127 -903 N/A -504 557 N/A -902 555 -482 N/A 959 954 N/A 340 -718 N/A 851 -118 462 798 N/A 302 444 -243 48 -357 -687 -410 -407 N/A 571 N/A -110 -232 N/A -463
987 -26 922 N/A 349 -225 713 -927 N/A -833 N/A -984 N/A 561 -656 -825 -590 N/A 968 -964 -423 213 945 990 -37 785 N/A 529 -520 -326 N/A 828 156 -884 N/A -516 N/A 718 N/A -951 974
-443 273 -461 932 N/A 950 N/A -487 5 N/A 525 -797 N/A -638 -272 N/A -950 -194 -334 848 -537 -233 67 N/A -633 -130 781 -878 -413 634 N/A -146 N/A 249 845 N/A 220 -340 N/A 6 -355 N/A 683 -739 N/A 473 N/A 58 N/A 555 -813 N/A 367 -841 -790 N/A -686 -310 -497 N/A 479 432 -513 245 -362 198 164 0
758 -796 795 N/A -615 438 N/A -227 -846 N/A 466 N/A 627 396 N/A -642 510 -498 696 -822 -474 N/A -563 642 -365 609 N/A -45 -539 N/A -616 294 -313 -280 76 -826 -470 112 -536 924 N/A -4 667 559 N/A -428 N/A -132 -503 N/A 17 419 -357 N/A 735 -147 N/A 304 -313 -679 N/A 520 899 -251 N/A 592 608 394 949 N/A -385
-787 N/A -380 656 -1 997 -11 -349 N/A -262 -650 134 -205 N/A -888 -188 -192 367 N/A -311 -723 465 N/A 629 -851 505 N/A -337 N/A -596
-842 862 -902 868 N/A 477 646 -892 N/A 418 N/A 318 -316 N/A 343 N/A -994 -163 595 300 N/A 34 -26 -492 914 N/A -768 163 420 N/A 574 758 599
-445 144 -476 -396 -940 N/A 153 N/A -572 N/A 126 -338 -310 756 N/A 162 847 -687 N/A 404 -237 N/A 966 -255 -649
894 795 N/A 352 N/A -332 N/A -512 37 517 205 N/A 231 -674 -393 984 N/A -262 -494 97 N/A 460 -930 N/A 391 870 464 240 -779 87 185 294 N/A -979 880
-957 -799 N/A -62 N/A -789 -553 373 968 644 712 -742 455 -427 -693 -315 N/A 848 N/A -652 N/A 141 N/A -720 N/A 864 895 138 N/A -48 176 691 183 -213 N/A 340 938 -710 N/A 162 841 692
217 N/A -107 209 -679 N/A -974 -959 N/A 352 -160 187 181 -322 N/A 53 -600 -721 866 -963 N/A 849 N/A 868 -60 N/A 322 89
530 974 -207 -810 -117 N/A -298 N/A -349 -334 -288 N/A 298 268 -732 N/A 802 N/A -496 827 387 867 -472 -418 N/A -459 -271 -985 410 -505 N/A -461 N/A -986 932 -868 N/A 973 803 -881 101 N/A -408 416 250 131 404 N/A 792 604 N/A -978 -502 N/A 853 N/A 125 -396
-273 -113 N/A 563 N/A 165 868 448 -56 896 44 N/A 568 N/A 894 979 -50 -838 N/A 808 681 217 -530 573 -956 N/A 913
66 -242 -72 -149 398 N/A 767 -190 415 N/A 16 619 N/A -521 -768 N/A -386 -638 854 666 403 N/A -688 768 -651 939 N/A 579 842 N/A 613 972 N/A 108 853 836 -514 -399 N/A -255 N/A -874 308 819 -399 N/A 896
-94 971 128 50 N/A -742 -566 29 N/A -194 N/A -934 -622 -921 -842 N/A -38 N/A 902 255 N/A -932 N/A 61 504 -549 -139 -579 -557 N/A 65 N/A -39 625 -550 N/A -754 -930 N/A -845 -783 N/A -297 268 -345 -130 -546 -717 -654
699 340 N/A 215 388 984 N/A -284 963 N/A 102 -960 -556 888 N/A 24 419 -509 544 N/A -804 -397 N/A -300 N/A -741 N/A 294 -448 -605 N/A -261 -826 384 -410 N/A -614 650 -550 N/A 506 262 N/A 17 -932 653 470 -645 280 -55 239 N/A -910 535 N/A 833
786 434 N/A -677 940 N/A -964 130 -838 367 -305 161 N/A -711 -975 24 -317 N/A 744 -561 N/A -442 590 N/A 451 64 N/A 786 615 -503 N/A 955 -322 N/A 694 356 N/A 800 -726 450 N/A -722 -311 279 N/A 181 685 N/A 278 -662 -488 505
885 -646 -251 N/A 150 -336 N/A -126 192 -869 N/A -916 -722 462 -127 578 -592 N/A 966 N/A 426 -978 899 297 382 36 N/A -525 N/A 242 N/A -96 232 490